4294967279,30
4294967279,309
4294967278,307
4294967279,458
4294967278,306
4294967279,307
4294967278,305
4294967279,407
4294967279,305
4294967278,303
4294967279,406
4294967278,177
4294967279,403
4294967278,297
4294967279,446
4294967278,338
4294967279,457
4294967278,165
4294967279,166
4294967278,260
4294967278,336
4294967279,442
4294967279,456
4294967278,379
4294967278,368
4294967278,131
4294967278,130
4294967278,129
4294967278,128
4294967278,127
4294967278,126
4294967278,124
4294967278,120
4294967278,119
4294967278,118
4294967278,117
4294967278,116
4294967278,115
4294967278,114
4294967278,113
4294967278,112
4294967278,111
4294967278,110
4294967278,109
4294967278,108
4294967278,225
4294967278,107
4294967278,106
4294967278,105
4294967278,104
4294967278,103
4294967278,102
4294967278,101
4294967278,363
4294967278,100
4294967278,99
4294967278,98
4294967278,97
4294967278,96
4294967278,95
4294967278,94
4294967278,93
4294967278,92
4294967278,91
4294967278,90
4294967278,89
4294967278,87
4294967278,86
4294967278,85
4294967278,84
4294967278,83
4294967278,82
4294967278,0
4294967278,346
4294967278,350
4294967278,81
4294967278,80
4294967278,79
4294967278,78
4294967278,77
4294967278,76
4294967278,75
4294967278,74
4294967278,73
4294967278,72
4294967278,71
4294967278,70
4294967278,69
4294967278,68
4294967278,67
4294967278,66
4294967278,65
4294967278,64
4294967278,63
4294967278,62
4294967278,61
4294967279,79
4294967279,78
4294967279,77
4294967279,73
4294967279,70
4294967279,66
4294967279,63
4294967279,60
4294967279,59
4294967279,58
4294967279,56
4294967279,55
4294967279,54
4294967279,51
4294967279,49
4294967279,47
4294967279,46
4294967279,0
4294967279,410
4294967279,42
4294967279,41
4294967279,40
4294967279,35
4294967279,19
4294967279,8
4294967279,6
4294967279,5
4294967279,4
4294967279,157
4294967278,334
4294967279,428
4294967278,376
4294967279,43
4294967278,378
4294967279,33
4294967279,294
4294967278,143
4294967278,142
4294967279,28
4294967278,362
4294967294,1065
4294967294,1082
4294967294,185
4294967294,1069
4294967279,27
4294967278,290
4294967279,278
4294967278,361
4294967278,289
4294967278,133
4294967279,423
91,6
4294967279,290
91,5
91,4
91,3
91,2
91,1
4294967279,396
4294967279,7
4294967294,50
4294967294,89
4294967278,267
4294967279,421
4294967279,269
4294967294,38
4294967294,36
4294967294,387
4294967294,1160
4294967278,281
4294967279,13
4294967279,268
4294967278,280
4294967278,360
4294967279,286
4294967279,265
4294967278,261
4294967279,452
4294967278,259
4294967294,17
4294967294,99
4294967278,132
4294967279,284
4294967279,259
4294967278,326
4294967278,358
4294967294,7
4294967279,418
4294967278,324
88,4
4294967279,394
88,3
88,2
88,1
4294967279,393
4294967278,323
4294967279,392
4294967278,125
4294967279,439
4294967294,6
4294967279,417
87,4
4294967278,355
87,3
87,2
87,1
4294967278,320
4294967279,255
0,7
4294967294,1428
4294967294,1426
4294967278,354
4294967294,1241
4294967294,1072
4294967294,186
4294967294,0
4294967279,416
4294967278,122
4294967278,252
4294967279,254
4294967278,123
4294967278,318
4294967278,317
4294967279,253
86,6
4294967279,248
4294967278,121
4294967278,250
4294967278,251
4294967279,451
4294967278,248
86,5
4294967279,246
4294967279,244
86,4
4294967278,242
86,3
86,2
86,1
4294967279,242
4294967294,1242
4294967278,240
4294967279,240
4294967294,481
4294967294,1
4294967278,236
4294967279,238
4294967279,385
4294967279,237
85,5
4294967294,41
4294967294,107
4294967294,67
4294967278,234
4294967279,234
4294967278,232
85,4
4294967279,232
85,3
85,2
85,1
4294967279,231
4294967278,230
4294967279,230
4294967294,390
4294967279,229
4294967278,226
4294967294,22
4294967279,222
4294967294,90
4294967294,86
4294967294,419
4294967294,1247
4294967294,1086
4294967294,28
4294967294,27
4294967294,25
4294967294,26
4294967294,53
4294967294,392
4294967294,46
4294967294,120
4294967294,2
4294967294,430
4294967294,44
4294967278,224
4294967279,225
4294967279,223
4294967278,222
84,5
4294967279,220
4294967278,218
4294967294,94
4294967294,96
4294967279,218
84,4
4294967294,9
4294967278,216
4294967294,8
84,3
84,2
84,1
4294967294,93
4294967294,95
4294967294,81
4294967294,92
4294967294,1163
4294967294,1249
4294967278,380
4294967279,448
0,5
4294967279,216
4294967294,1087
4294967278,214
4294967279,280
4294967294,409
4294967294,407
4294967294,184
4294967294,457
4294967279,319
4294967279,213
83,5
4294967279,318
4294967278,209
83,4
4294967279,210
83,3
83,2
83,1
4294967279,317
4294967278,208
4294967294,480
4294967294,1166
4294967279,209
4294967279,436
4294967279,435
4294967278,312
4294967279,206
82,4
4294967278,204
82,3
82,2
82,1
4294967279,205
4294967278,203
4294967279,315
4294967294,1074
4294967294,1085
4294967294,1079
4294967294,1157
4294967279,433
4294967278,285
4294967279,314
4294967279,87
4294967279,415
4294967279,86
4294967279,85
4294967278,310
4294967279,84
4294967279,312
4294967278,309
4294967279,311
4294967278,308
4294967279,310
4294967293,131
4294967293,130
4294967293,129
4294967293,128
